numID	TimeSecFromBegin	xLongFromBegin	yLatFromBegin	zElevFromBegin	smoothLatitude	smoothLongitude	smoothElevation	smoothSpeed	smoothHeading	smoothAx	smoothAy	smoothAz	smoothYawrate	smoothGentimeSec	VxTheory	VyTheory	VzTheory	AxTheory	AyTheory	AzTheory	SpeedxyTheory	SpeedTotTheory	YawrateTheory
1	0	0	0	0	42.28541823	-83.73504244	211.1494166	7.296288126	228.0013537	0.956320572	9.94	0	0	351279268	5.77468735591027	5.37035015686686	-0.0646119845951997	0.777779156372105	0.835897079567142	0.0246896178237126	7.88591623502748	7.88618092453015	-4.45576793766234
1	0.100000023841858	0.577468873270303	0.537035143725812	-0.00646119999998973	42.28541336	-83.73504953	211.1429554	7.359788762	227.5557768	0.919456571	9.94	0	0	351279268.1	5.85246529009118	5.45393988475292	-0.0621430222241821	-0.259764472248635	-0.279251339754777	0.0242403732928523	7.99980063740471	8.00004199947925	-4.49088160606431
1	0.199999988079071	1.16271519297895	1.08242893715301	-0.0126755000000003	42.28540848	-83.73505661	211.1367411	7.423257206	227.1066888	0.883331325	9.94	0	0	351279268.2	5.82648885215622	5.42601476076425	-0.0597189857618002	-0.0645456186041015	0.138524268241364	0.0193796463550241	7.96175913528739	7.96198310005696	-4.51554892340937
1	0.300000011920929	1.74536421710889	1.62503054259571	-0.0186473999999919	42.28540359	-83.73506369	211.1307692	7.486705323	226.6551338	0.84786935	9.94	0	0	351279268.3	5.82003428875692	5.43986719089106	-0.057781020664251	-0.0258522106281633	0.221199367439828	0.0125303458990635	7.9664894512476	7.96669899162685	-4.52656461882567
1	0.399999976158142	2.32736743784394	2.16901706714001	-0.0244255000000067	42.2853987	-83.73507076	211.1249911	7.550129289	226.2024775	0.812981362	9.94	0	0	351279268.4	5.81744906861865	5.46198711972434	-0.0565279865224647	-0.0129094685881545	-0.0280172165232579	0.00662999683433719	7.9797253688336	7.97992558707579	-4.52461592124737
1	0.5	2.9091124834046	2.71521590933636	-0.0300782999999853	42.28539379	-83.73507783	211.1193383	7.613518051	225.7500158	0.778596947	9.94	0	0	351279268.5	5.81615812145205	5.45918539740403	-0.0558649866809596	-0.118018021677083	-0.0159312658155061	0.00366966745999825	7.97686658387628	7.97706220319855	-4.51432792370021
1	0.600000023841858	3.49072843421782	3.26113457923389	-0.0356648000000064	42.28538889	-83.73508489	211.1137518	7.676861115	225.2985829	0.744661822	9.94	0	0	351279268.6	5.80435631647058	5.45759227044265	-0.0554980198474681	-0.17078868849607	-0.00999127247594671	0.00705033163085286	7.96717425684585	7.96736754952062	-4.50365361063226
1	0.699999988079071	4.07116385828492	3.80689361109944	-0.0412145999999893	42.28538399	-83.73509194	211.108202	7.740143693	224.8482177	0.711187961	9.94	0	0	351279268.7	5.78727745372885	5.45659314355237	-0.0547929869365223	0.144546903067445	-0.0986078555610306	0.0277196767155664	7.95405488167519	7.95424360527878	-4.51005392471915
1	0.800000011920929	4.64989174163725	4.35255305555	-0.0466939000000082	42.28537908	-83.73509898	211.1027227	7.803334438	224.3972122	0.678352122	9.94	0	0	351279268.8	5.80173214748186	5.44673235564527	-0.0520210186040771	-0.364261947391243	2.1624876754455	0.0705003184719516	7.9578256618977	7.95799569310854	-4.60030864519862
1	0.899999976158142	5.23006474889933	4.8972260963242	-0.0518959999999993	42.28537418	-83.73510603	211.0975206	7.866359599	223.9371815	0.646964585	9.94	0	0	351279268.9	5.76530596576976	5.66298104585323	-0.0449709892781698	0.0169603009000631	1.55510443510766	-0.0338799838427839	8.08134315597558	8.08146828209515	-4.6002639032116
1	1	5.80659548293191	5.46352433592551	-0.0563931000000082	42.28536909	-83.73511304	211.0930235	7.930465134	223.477155	0.626164263	9.94	0	0	351279269	5.76700199626413	5.81849152644058	-0.0483589884702099	0.0127788170252718	1.28211970839211	-0.0512402943522962	8.19226193844992	8.19240466895655	-4.46725093492441
1	1.10000002384186	6.38329582005436	6.04537362729321	-0.0612289999999973	42.28536386	-83.73512005	211.0881876	7.995790838	223.0304298	0.610391808	9.94	0	0	351279269.1	5.76827987827133	5.94670352784791	-0.0534830191271034	-0.0500077791170752	1.27734795733832	-0.0848296913261411	8.28470491943971	8.28487755102775	-4.2305665129685
1	1.19999998807907	6.96012360159173	6.64004376740731	-0.0665773000000058	42.28535851	-83.73512706	211.0828393	8.062306683	222.6073733	0.599105143	9.94	0	0	351279269.2	5.76327910214804	6.07443827790021	-0.0619659852259713	-0.261514951901653	0.809580838013798	-0.099030381155467	8.37342142742592	8.37365070829926	-3.92236906483428
1	1.30000001192093	7.53645164921382	7.24748774002323	-0.0727738999999872	42.28535305	-83.73513406	211.0766427	8.129843319	222.2151363	0.591743791	9.94	0	0	351279269.3	5.73712760072287	6.15539638100351	-0.0718690257025863	-0.0021317808917306	1.16427719449836	-0.0948195829259743	8.41448380557282	8.41479072057663	-3.59157128444609
1	1.39999997615814	8.11016420411043	7.86302715798945	-0.0799608000000092	42.28534751	-83.73514104	211.0694558	8.19829105	221.8559793	0.587646526	9.94	0	0	351279269.4	5.73691442270993	6.27182405881554	-0.0813509806041712	-0.0503866046796187	0.924309873182467	-0.0931499555861959	8.49988024140545	8.50026953103724	-3.26348322192497
1	1.5	8.68385578316012	8.49020971340294	-0.0880958999999848	42.28534187	-83.73514801	211.0613207	8.267665073	221.5296309	0.585907809	9.94	0	0	351279269.5	5.73187576104066	6.36425506817106	-0.0906659783836588	-0.0415381247407827	1.06654444887054	-0.0992005522366345	8.56493679560722	8.56541666425999	-2.93921529923651
1	1.60000002384186	9.25704349592276	9.12663537195571	-0.097162499999996	42.28533615	-83.73515498	211.0522541	8.338024644	221.2357093	0.585945456	9.94	0	0	351279269.6	5.72772194757624	6.47090953848651	-0.100586035972448	-0.0780611157263305	0.911181821314441	-0.112329413850131	8.64172835513951	8.64231372461419	-2.6198329369253
1	1.69999998807907	9.82981548584108	9.77372609438661	-0.107221100000004	42.28533033	-83.73516194	211.0421955	8.409425046	220.9737261	0.587602938	9.94	0	0	351279269.7	5.71991583879529	6.56202768803155	-0.111818973340248	0.057403540245446	1.0744929613298	-0.122720681121296	8.70503558760066	8.70575373326128	-2.31057644911544
1	1.80000001192093	10.401807206094	10.4299290196407	-0.118403000000001	42.28532443	-83.73516889	211.0310136	8.481886775	220.7426684	0.59089405	9.94	0	0	351279269.8	5.72565619418844	6.66947700978244	-0.124091044378266	-0.0292506032540616	0.930096165559677	-0.106749273088583	8.79005474602206	8.79093061202054	-2.03308072708654
1	1.89999997615814	10.9743726207475	11.0968764820999	-0.130812099999986	42.28531843	-83.73517585	211.0186045	8.555355774	220.5393604	0.595798748	9.94	0	0	351279269.9	5.72273113490912	6.76248659307558	-0.134765967869473	-0.0250774326894003	0.56159700006836	-0.0476399772803038	8.85894330967216	8.85996830863863	-1.84115356103474
1	2	11.5466458706789	11.7731253026377	-0.144288700000004	42.28531235	-83.73518281	211.0051279	8.6296849	220.355245	0.602208018	9.94	0	0	351279270	5.72022339104228	6.81864630647193	-0.139529966733329	-0.0216522538396257	0.199868905247359	0.0348091724829792	8.90027488879926	8.9013685300524	-1.74599658372185
1	2.10000002384186	12.1186683461639	12.454990095854	-0.158241699999991	42.28530622	-83.73518976	210.9911749	8.704449332	220.1806453	0.609373817	9.94	0	0	351279270.1	5.71805816514209	6.83863320176191	-0.136049048655116	-0.0189153556882966	0.104936958358568	0.0974508225366468	8.91420738193747	8.91524551494957	-1.693282605565
1	2.19999998807907	12.6904739581844	13.1388531714617	-0.171846600000009	42.28530007	-83.73519671	210.97757	8.778933278	220.0113171	0.615847977	9.94	0	0	351279270.2	5.71616663024973	6.84912689384493	-0.126303969886564	-0.0165066170031902	-0.127268412865936	0.120599261543021	8.92104815325926	8.92194221263395	-1.66307260349259
1	2.30000001192093	13.2620907574934	13.8237660241421	-0.184476999999987	42.28529391	-83.73520366	210.9649396	8.852715418	219.8450098	0.621028835	9.94	0	0	351279270.3	5.71451596815586	6.83640004952402	-0.114244040856952	0.14180333950765	0.00850136315630662	0.119210695161147	8.91022212896179	8.91095449928411	-1.6689015968459
1	2.39999997615814	13.833542149942	14.5074057846057	-0.195901399999997	42.28528776	-83.73521061	210.9535152	8.925732244	219.6781197	0.625099871	9.94	0	0	351279270.4	5.72869629703534	6.83725018553562	-0.102322975604144	0.215806869181061	0.348041071945678	0.112339946430445	8.91997485216597	8.92056171743741	-1.72456258883217
1	2.5	14.4064119162283	15.1911309661721	-0.206133699999981	42.28528161	-83.73521757	210.9432829	8.997711738	219.5056634	0.628024234	9.94	0	0	351279270.5	5.75027698909869	6.87205430102813	-0.0910889782827061	0.481527842948516	0.331974262337205	0.107439469874487	8.96051425798972	8.96097723295856	-1.79132157291564
1	2.60000002384186	14.9814397522354	15.8783365601174	-0.215242599999982	42.28527543	-83.73522456	210.934174	9.067168452	219.3265312	0.628216321	9.94	0	0	351279270.6	5.79842978487406	6.90525173517674	-0.0803450287337008	0.5133140745513	0.265953349670521	0.105900491517813	9.01688912520698	9.01724707546146	-1.87079466904847
1	2.69999998807907	15.5612825233548	16.568861486684	-0.22327709999999	42.28526922	-83.73523161	210.9261395	9.133056192	219.1394518	0.62371092	9.94	0	0	351279270.7	5.84976117397164	6.93184706063256	-0.0697549833692161	0.136406385057937	0.235232940540281	0.106979596981915	9.07029268902092	9.07056091001053	-2.01086452057256
1	2.80000001192093	16.1462587802212	17.2620463580154	-0.2302526	42.28526299	-83.73523872	210.919164	9.19667701	218.9383653	0.613558655	9.94	0	0	351279270.8	5.86340181572962	6.95537036029498	-0.0590570211204323	0.122486858647631	0.184687673956692	0.110630365195809	9.09706863234368	9.09726032568679	-2.25972480814046
1	2.89999997615814	16.7325987521025	17.9575831453015	-0.2361583	42.28525673	-83.73524585	210.9132583	9.259778608	218.7123929	0.599793278	9.94	0	0	351279270.9	5.87565049721391	6.9738391210857	-0.0479939885573016	-0.0153556731568319	0.770045131629548	0.11575994480126	9.11908443058816	9.11921072654498	-2.42885842091507
1	3	17.3201639419104	18.6549672236793	-0.240957699999996	42.28525046	-83.73525299	210.9084589	9.323005706	218.469507	0.585553085	9.94	0	0	351279271	5.87411492953212	7.05084365260796	-0.0364179913172435	0.156692855224858	1.09301544468441	0.117209796903454	9.17712495386622	9.17719721314551	-2.38913343038621
1	3.10000002384186	17.9075755749134	19.3600517570453	-0.244599499999993	42.28524412	-83.73526013	210.9048171	9.386372632	218.2305936	0.573126271	9.94	0	0	351279271.1	5.88978421879045	7.16014522313592	-0.0246970088323988	-0.0231539278666329	1.11004645684611	0.106190159864135	9.27131262337266	9.27134551737527	-2.31255282703326
1	3.19999998807907	18.4965537861573	20.0760660232922	-0.247069199999999	42.28523768	-83.73526729	210.9023474	9.449963449	217.9993384	0.564026576	9.94	0	0	351279271.2	5.88746882683184	7.27114982912218	-0.0140779966436413	0.116418925773563	1.01863914407015	0.0786099254623957	9.35584892056622	9.35585951232967	-2.30335145083835
1	3.30000001192093	19.0853008092087	20.8031811795621	-0.248477000000008	42.28523114	-83.73527445	210.9009396	9.513573533	217.7690032	0.557473863	9.94	0	0	351279271.3	5.89911072218484	7.37301376781544	-0.00621700222319509	-0.160662071554926	1.58461226507053	0.0434600422347735	9.44250175181303	9.44250379846939	-2.39296185578975
1	3.39999997615814	19.6752116704586	21.5404822926641	-0.24909869999999	42.28522451	-83.73528162	210.9003179	9.576661065	217.5297071	0.551529978	9.94	0	0	351279271.4	5.88304452077507	7.53147493765234	-0.00187099955396997	-0.276711319934116	2.0741628470114	0.0158199924579929	9.55684715635376	9.55684733950199	-2.47261341048287
1	3.5	20.2635162627988	22.2936299659937	-0.249285799999996	42.28521774	-83.73528877	210.9001308	9.638987268	217.2824457	0.545052555	9.94	0	0	351279271.5	5.85537338218435	7.73889127180538	-0.00028899993099267	-0.127842885954973	1.85350925407142	0.00520999889615315	9.70442350485687	9.70442350916011	-2.3627504366764
1	3.60000002384186	20.8490537406202	23.0675192776838	-0.249314699999985	42.28521078	-83.73529589	210.9001019	9.701533367	217.0461706	0.539146561	9.94	0	0	351279271.6	5.84258909054084	7.92424224140363	0.000232000082838699	0.0664740034604076	1.94880368240673	0.0156200004812812	9.84527614551021	9.84527614824371	-2.15173576952088
1	3.69999998807907	21.433312440727	23.8599432184312	-0.249291499999998	42.28520365	-83.73530299	210.9001251	9.765430657	216.8309971	0.536023858	9.94	0	0	351279271.7	5.84923648850958	8.11912253994965	0.00179399957235207	-0.0183661052185757	1.1972285206785	0.0416700156593441	10.0066836822811	10.0066838430953	-2.00637252164334
1	3.80000001192093	22.0182362290346	24.6718556660011	-0.249112099999991	42.28519635	-83.7353101	210.9003045	9.8303793	216.6303598	0.536453953	9.94	0	0	351279271.8	5.84739987754984	8.23884542056165	0.00596100213177707	0.02182471172083	1.22166687365508	0.0733799732178506	10.1030024840084	10.1030042425719	-1.91082168336326
1	3.89999997615814	22.6029760076703	25.4957399134132	-0.248515999999995	42.28518894	-83.73531721	210.9009006	9.8955463	216.4392777	0.54144175	9.94	0	0	351279271.9	5.84958234794141	8.36101206423695	0.0132989968292898	-0.093490905272594	1.24160649347821	0.0971799536611892	10.2041234990402	10.2041321653034	-1.73695458587755
1	4	23.1879343819293	26.331841319179	-0.247186099999993	42.28518142	-83.73532432	210.9022305	9.959919539	216.2655822	0.55114293	9.94	0	0	351279272	5.84023325518516	8.48517274318697	0.0230169945123594	-0.0867305415127873	1.00037249065552	0.106400149874403	10.3008000153723	10.3008257309174	-1.46473165078079
1	4.10000002384186	23.7719578466899	27.1803587958	-0.244884399999989	42.28517379	-83.73533142	210.9045322	10.02279613	216.119109	0.562364737	9.94	0	0	351279272.1	5.83156019896606	8.58521001610326	0.033657012036577	0.0277082561713616	1.00467868909591	0.106219812051662	10.3784837705112	10.3785383445466	-1.28107245814738
1	4.19999998807907	24.3551136580336	28.0388794903792	-0.2415187	42.28516607	-83.73533851	210.9078979	10.08430284	215.9910018	0.572239802	9.94	0	0	351279272.2	5.83433102359227	8.68567784908275	0.0442789894430267	-0.115381403337907	0.402437743213167	0.102390276129921	10.4632890713627	10.4633827617938	-1.38083367078359
1	4.30000001192093	24.9385468994942	28.9074474823702	-0.237090800000004	42.28515826	-83.7353456	210.9123258	10.1447715	215.8529184	0.580097227	9.94	0	0	351279272.3	5.82279288050758	8.72592163299893	0.0545180194971932	0.185751304197609	-0.0730458171262168	0.0910396859009958	10.4903110189607	10.4904526827482	-1.59751857131697
1	4.39999997615814	25.5208259793056	29.7800393336068	-0.231639000000001	42.28515041	-83.73535268	210.9177776	10.20413051	215.6931666	0.585285624	9.94	0	0	351279272.4	5.84136800428435	8.71861705389863	0.0636219848314599	0.40994683694166	-0.00975610642320668	0.073959964730578	10.4945635208907	10.4947563693	-1.75943158051888
1	4.5	26.1049629190031	30.6519012468647	-0.225276799999989	42.28514257	-83.73535978	210.9241398	10.26192807	215.5172234	0.586656509	9.94	0	0	351279272.5	5.88236269775241	8.7176414430237	0.0710179830678606	0.152238696989727	0.227553446365937	0.0645304309958579	10.516627940411	10.5168677271777	-1.86805755462039
1	4.60000002384186	26.6931993290248	31.5236655990119	-0.218175000000002	42.28513473	-83.73536693	210.9312416	10.31794996	215.3304176	0.583644221	9.94	0	0	351279272.6	5.89758657108104	8.74039679308559	0.0774710277059718	0.255672852354339	0.101173683688801	0.0689295464513751	10.5440060443826	10.5442906458476	-1.98302970918685
1	4.69999998807907	27.2829577752188	32.3977049657395	-0.210427899999985	42.28512687	-83.7353741	210.9389887	10.37268001	215.1321147	0.577683437	9.94	0	0	351279272.7	5.9231538471729	8.75051415783622	0.0843639798859966	0.239783407505635	0.0143178411578082	0.0826505127028707	10.5667047618343	10.5670415351163	-2.10249549872598
1	4.80000001192093	27.8752733011551	33.2727565901516	-0.201991499999991	42.285119	-83.7353813	210.9474251	10.42693177	214.9218651	0.571277422	9.94	0	0	351279272.8	5.94713219364034	8.75194594229336	0.0926290331268255	0.333518418775792	-0.0125895196638572	0.108829460857804	10.581348643035	10.5817540721393	-2.28669181778463
1	4.89999997615814	28.4699863078331	34.147950871387	-0.192728599999981	42.28511113	-83.73538853	210.956688	10.48129004	214.693196	0.566656676	9.94	0	0	351279272.9	5.98048402359037	8.75068699077721	0.103511975320561	0.0855447230832624	-0.0994941448664156	0.137099934629092	10.599090148073	10.599595591154	-2.54535639313966
1	5	29.068034852778	35.0230197790973	-0.182377400000007	42.28510326	-83.7353958	210.9670392	10.53638132	214.4386603	0.564713741	9.94	0	0	351279273	5.98903849793825	8.74073757391845	0.117221972052187	0.0805023012004896	1.42701412086093	0.204890723122841	10.5957102388606	10.5963586413743	-2.87916631355337
1	5.10000002384186	29.6669388453616	35.8970937448846	-0.170655199999999	42.2850954	-83.73540308	210.9787614	10.59240277	214.1507436	0.56387426	9.94	0	0	351279273.1	5.99708872997762	8.88343902002721	0.137711049249447	0.163334810964992	0.225770108682853	-0.00527082145275907	10.7182350253093	10.7191196649189	-3.41435622106882
1	5.19999998807907	30.2666475038867	36.7854373291908	-0.156884099999985	42.28508741	-83.73541037	210.9925325	10.65066538	213.8093081	0.562912566	9.94	0	0	351279273.2	6.01342220523281	8.90601602282133	0.13718396729267	-0.0034729935340442	0.128443962915684	-0.0248691852830764	10.7460861720506	10.7469617780105	-3.45656317589108
1	5.30000001192093	30.8679898677812	37.6760391438089	-0.143165699999997	42.2850794	-83.73541768	211.0062509	10.70812773	213.4636517	0.559976366	9.94	0	0	351279273.3	6.0130749057966	8.91886042217524	0.134697048171435	0.0809598259956094	0.199569746919361	-0.0147708046191522	10.7565394552786	10.757382783361	-3.45486823555726
1	5.39999997615814	31.4692971433165	38.5679248670631	-0.129695999999996	42.28507138	-83.73542499	211.0197206	10.76544698	213.118165	0.556839938	9.94	0	0	351279273.4	6.02117088550082	8.93881738973	0.133219968237765	-0.0751947401672176	0.130527692485546	-0.00618999704468771	10.7776136115256	10.7784369330288	-3.44694717818389
1	5.5	32.0714143754225	39.4618068191541	-0.116374000000008	42.28506334	-83.73543231	211.0330426	10.82290322	212.7734702	0.554013564	9.94	0	0	351279273.5	6.01365140969131	8.95187016209058	0.132600968385715	0.0778922676221893	0.00192255547746529	0.000810790457402094	10.7842469684355	10.7850621552695	-3.44198217936738
1	5.60000002384186	32.6727796597683	40.3569940487924	-0.103113899999983	42.28505529	-83.73543962	211.0463027	10.88060777	212.4292719	0.551649059	9.94	0	0	351279273.6	6.02144063831063	8.95206241768416	0.132682047450786	0.00715945134007601	0.108614274024215	0.00613920988449804	10.7887519616873	10.7895678048997	-3.4443582317984
1	5.69999998807907	33.2749235082558	41.2521999704101	-0.0898456999999837	42.28504724	-83.73544694	211.0595709	10.93859439	212.0848362	0.549724786	9.94	0	0	351279273.7	6.02215658318859	8.96292384120224	0.133295968219681	-0.00621550474157409	0.206619271063337	0.00958079564769127	10.7981652930316	10.7989879854909	-3.4562651759622
1	5.80000001192093	33.8771393101541	42.1484925682231	-0.0765160999999921	42.28503918	-83.73545426	211.0729005	10.99683963	211.7392096	0.548120417	9.94	0	0	351279273.8	6.02153503256625	8.98358577323476	0.134254048012874	-0.0830388283131077	0.00926808855327842	0.0102992010136939	10.8149756122466	10.815808876034	-3.47693624344949
1	5.89999997615814	34.4792925980638	43.0468508242685	-0.0630907000000036	42.2850311	-83.73546158	211.0863259	11.05529129	211.3915161	0.546659601	9.94	0	0	351279273.9	6.01323115270463	8.98451258175863	0.135283967745915	-0.0830388283131077	0.00926808855327842	0.0102992010136939	10.8111246051295	10.8119710034557	-3.4992841657054
1	6	35.0806158567009	43.9453022966518	-0.049562299999991	42.28502302	-83.73546889	211.0998543	11.11388649	211.0415876	0.545167995	9.94	0	0	351279274	6.01323115270463	8.98451258175863	0.135283967745915	-0.0830388283131077	0.00926808855327842	0.0102992010136939	10.8111246051295	10.8119710034557	-3.4992841657054
